== Results ==
K = 160.150339
T = 0.139955