== Results ==
K        = 0.820710
T        = 0.440000
u_offset = 0.381220