== Results ==
K        = 0.734726
T        = 0.340000
u_offset = 0.077793