== Results ==
K = 79.448969
T = 0.103522