a = 37.782922
b = 0.435874
c = -4.311040